46159742798437
46159742696637
46159742798802
46159742693477
46159742694912
47057175805771
54670862242340
46159742696627
48087441440712
55707691229705
46159742695342
53685624313836
52380566651574
47049924481627
46159742694457
46159742696292
48881971425358
46981718485223
46159742694432
46159742798187
46159742695912
46159742697537
52535003832984
52545347970984
46159742697167
47119131102526
46159742693577
46159742695002
46159742695057
46159742693612
46159742693532
46159742695207
46159742697292
46159742695232
46159742694747
48130769330518
208340
46159742797637
46159742798687
46159742694557
202020
46159742695062
46159742696202
46159742696507
46159742696147
46159742696407
46159742799422
46159742696762
46159742798822
46159742696032
46159742694602
46159742695042
49096501573142
50247121137473
46849514467375
46911942129909
46159742799002
200100
46159742694117
46159742696782
46159742696512
52545338069548
46159742797837
46159742798572
46159742694207
55931708326922
48147350715482
46159742696937
46159742694267
50308083315060
46159742799427
46159742799057
46159742799262
46159742798827
46159742797772
200105
49115086542151
46159742694202
50246878035006
46159742693747
46876280092184
48076608533126
46159742697152
46159742798922
50901753476912
46159742697182
46159742694712
48758791695112
54435562521245
46159742695037
46159742695067
46159742695182
51826492875105
46159742798392
47050089515954
46159742695292
46159742696462
46159742798817
49694206322042
46159742798567
55283563427868
46159742696412
47057277213580
46159742695092
46159742693922
46159742799392
51662439265116
46159742695892
46159742695617
46159742696692
47169383778434
46159742696902
47430549530916
46159742696862
46159742697092
46159742798977
46159742797657
46159742696907
46159742697177
52148341242252
46159742799062
46159742697187
46159742694862
46159742694112
49728881888194
46159742797917
46159742697282
51300954699221
46159742697297
46159742695907
46159742694467
49357558579520
46159742697062
47050154331609
49122200768081
54593407343174
46159742697267
46159742694572
46159742798662
46159742695267
46159742696612
46159742696852
46159742693587
52674100333099
46159742798412
46159742697462
46159742799532
46159742694592
54548016806100
46159742694942
46159742696882
46159742798557
46159742694852
46159742696867
46159742799012
46159742694617
46159742797692
46159742693772
46159742798467
46159742797697
46159742797792
46849204445790
49096591224616
46159742697372
208600
46159742798082
46159742694127
46159742696007
46159742697557
46159742697442
46159742696617
48318458035425
46159742797992
46159742693802
46159742696647
46159742797902
46159742695087
46159742696967
50201981191525
46159742798287
46159742798427
46159742797687
54316304200880
46159742697017
46159742694822
47794065850679
46159742798872
46159742696152
46159742695887
50901924744019
46159742798492
46159742697532
47039989035558
46159742697497
46159742693972
46159742695847
50757250133425
55765756189451
50201935568272
51238946508820
46159742696982
55837510381104
52251669592463
55740779187713
55922393577950
46159742798297
46159742693712
46159742695032
52148196105744
46159742694167
47040061739972
46159742696537
46159742695572
51413507733785
48882051661235
46876425499965
46159742798587
46159742695757
46159742695157
46159742697527
51826177096092
46159742694232
46159742694287
46159742696777
46159742799192
46159742695547
47515514895713
47670543709836
46159742696242
46159742695052
46159742694392
46159742696467
46159742694832



